scene00001.jpg 555 0.01 0.0004 -3e-06  612 0.044 0.0002 -2e-06  667 0.01 0.0005 -2e-06
scene00018.jpg 555 0.01 0.0004 -3e-06  612 0.044 0.0002 -2e-06  667 0.01 0.0005 -2e-06
scene00035.jpg 555 0.011 0.0005 -3e-06  612 0.001 0.0004 -2e-06  667 0.021 0.0005 -2e-06
scene00052.jpg 555 0.015 0.0003 -2e-06  612 0.001 0.0005 -2e-06  667 0.042 0.0005 -2e-06
scene00069.jpg 561 -0.016 0.0004 -2e-06  622 -0.004 0.0001 -1e-06  680 0.01 0.0002 -1e-06
scene00086.jpg 566 -0.061 0.0006 -2e-06  626 -0.018 0.0002 -1e-06  682 -0.013 0.0003 -1e-06
scene00103.jpg 547 -0.028 0.0007 -2e-06  607 0.005 0.0003 -1e-06  662 0.003 0.0004 -1e-06
scene00120.jpg 548 -0.041 0.0004 -1e-06  604 -0.014 0.0004 -1e-06  659 -0.007 0.0001 0
scene00137.jpg 548 -0.001 0.0003 -1e-06  610 -0.054 0.0005 -1e-06  667 0.014 0 0
scene00154.jpg 548 0.011 0.0003 -1e-06  610 -0.048 0.0005 -1e-06  667 0.014 0 0
scene00171.jpg 554 -0.003 0.0003 -1e-06  617 -0.016 0 0  674 0 0 0
scene00188.jpg 554 0.003 0.0003 -1e-06  617 -0.016 0 0  674 0 0 0
scene00205.jpg 567 -0.024 -0.0001 0  629 -0.045 0 0  683 -0.012 0 0
scene00222.jpg 579 -0.036 -0.0001 0  638 -0.012 -0.0001 0  703 -0.048 0 0
scene00239.jpg 581 -0.036 -0.0001 0  637 -0.004 -0.0001 0  703 -0.048 0 0
scene00256.jpg 581 -0.036 -0.0001 0  637 -0.004 -0.0001 0  710 -0.063 0 0
scene00273.jpg 564 0.045 -0.0002 0  636 -0.004 -0.0001 0  709 -0.058 0 0
scene00290.jpg 561 0.015 -0.0001 0  618 0.043 -0.0001 0  697 -0.071 0.0001 0
scene00307.jpg 417 -0.019 0.007 -1.9e-05  486 -0.019 0.01 -3.3e-05  609 0.1 0.01 -4.8e-05
scene00324.jpg 398 0.029 0.007 -1.8e-05  486 -0.019 0.01 -3.3e-05  601 0.1 0.01 -4.8e-05
scene00341.jpg 381 0.029 0.007 -1.8e-05  466 -0.019 0.01 -3.3e-05  588 0.1 0.01 -4.8e-05
scene00358.jpg 334 0.029 0.007 -1.6e-05  416 -0.019 0.01 -2.8e-05  499 -0.019 0.01 -2.8e-05
scene00375.jpg 283 0.077 0.0071 -1.5e-05  371 0.077 0.0078 -1.8e-05  465 0.1 0.01 -2.8e-05
scene00392.jpg 228 0.077 0.0076 -1.5e-05  342 0.1 0.0079 -1.8e-05  447 -0.009 0.0094 -1.8e-05
scene00409.jpg 202 0.077 0.0074 -1.4e-05  312 0.1 0.0079 -1.7e-05  418 0.1 0.0079 -1.7e-05
scene00426.jpg 214 0.03 0.007 -1.3e-05  312 0.065 0.0079 -1.7e-05  418 0.1 0.0079 -1.7e-05
scene00443.jpg 207 0.03 0.0056 -9e-06  338 -0.014 0.0054 -9e-06  432 0.036 0.0057 -1e-05
scene00460.jpg 202 0.077 0.005 -8e-06  308 0.015 0.0054 -9e-06  397 0.015 0.0058 -1e-05
scene00477.jpg 210 -0.046 0.0048 -7e-06  288 0.015 0.0051 -8e-06  365 0.055 0.0059 -1e-05
scene00494.jpg 221 -0.046 0.0043 -6e-06  288 0.015 0.0051 -8e-06  352 0.083 0.0062 -1.1e-05
scene00511.jpg 244 -0.046 0.0037 -5e-06  310 -0.012 0.0049 -8e-06  379 0.083 0.0058 -1.1e-05
scene00528.jpg 269 -0.046 0.0035 -5e-06  332 -0.012 0.004 -6e-06  402 0.083 0.0043 -7e-06
scene00545.jpg 296 -0.1 0.0034 -5e-06  357 -0.012 0.0034 -5e-06  418 0.083 0.0037 -6e-06
scene00562.jpg 323 0.006 0.0022 -3e-06  397 -0.028 0.0024 -3e-06  440 0.083 0.0028 -4e-06
scene00579.jpg 349 0.006 0.002 -3e-06  415 -0.039 0.0023 -3e-06  479 0.063 0.0022 -3e-06
scene00596.jpg 397 -0.003 0.0014 -2e-06  447 0.002 0.0016 -2e-06  500 0.063 0.002 -3e-06
scene00613.jpg 433 -0.076 0.0014 -2e-06  475 0.01 0.0014 -2e-06  525 0.052 0.0015 -2e-06
scene00630.jpg 457 -0.043 0.0012 -2e-06  507 0.022 0.0008 -1e-06  561 0.087 0.0008 -1e-06
scene00647.jpg 496 -0.078 0.0007 -1e-06  533 -0.033 0.0008 -1e-06  584 0.026 0.0008 -1e-06
scene00664.jpg 518 -0.041 0.0005 -1e-06  563 -0.054 0.0007 -1e-06  614 0.006 0.0007 -1e-06
scene00681.jpg 537 -0.071 0.0005 -1e-06  586 -0.058 0.0006 -1e-06  644 -0.016 0.0006 -1e-06
scene00698.jpg 537 -0.065 0.0005 -1e-06  586 -0.058 0.0006 -1e-06  644 -0.016 0.0006 -1e-06
scene00715.jpg 537 -0.065 0.0005 -1e-06  586 -0.058 0.0006 -1e-06  644 -0.016 0.0006 -1e-06
scene00732.jpg 537 -0.065 0.0005 -1e-06  586 -0.058 0.0006 -1e-06  644 -0.016 0.0006 -1e-06
scene00749.jpg 537 -0.065 0.0005 -1e-06  586 -0.058 0.0006 -1e-06  644 -0.016 0.0006 -1e-06
scene00766.jpg 537 -0.065 0.0005 -1e-06  586 -0.058 0.0006 -1e-06  644 -0.016 0.0006 -1e-06
scene00783.jpg 537 -0.065 0.0005 -1e-06  586 -0.058 0.0006 -1e-06  644 -0.016 0.0006 -1e-06
scene00800.jpg 537 -0.065 0.0005 -1e-06  586 -0.058 0.0006 -1e-06  644 -0.016 0.0006 -1e-06
scene00817.jpg 537 -0.065 0.0005 -1e-06  586 -0.058 0.0006 -1e-06  644 -0.016 0.0006 -1e-06
scene00834.jpg 537 -0.065 0.0005 -1e-06  586 -0.058 0.0006 -1e-06  644 -0.016 0.0006 -1e-06
scene00851.jpg 537 -0.065 0.0005 -1e-06  586 -0.058 0.0006 -1e-06  644 -0.016 0.0006 -1e-06
scene00868.jpg 537 -0.065 0.0005 -1e-06  586 -0.058 0.0006 -1e-06  644 -0.016 0.0006 -1e-06
scene00885.jpg 537 -0.065 0.0005 -1e-06  586 -0.058 0.0006 -1e-06  644 -0.016 0.0006 -1e-06
scene00902.jpg 537 -0.065 0.0005 -1e-06  586 -0.058 0.0006 -1e-06  644 -0.016 0.0006 -1e-06
scene00919.jpg 537 -0.065 0.0005 -1e-06  586 -0.058 0.0006 -1e-06  644 -0.016 0.0006 -1e-06
scene00936.jpg 537 -0.065 0.0005 -1e-06  586 -0.058 0.0006 -1e-06  644 -0.016 0.0006 -1e-06
scene00953.jpg 537 -0.065 0.0005 -1e-06  586 -0.058 0.0006 -1e-06  644 -0.016 0.0006 -1e-06
scene00970.jpg 537 -0.065 0.0005 -1e-06  586 -0.058 0.0006 -1e-06  644 -0.016 0.0006 -1e-06
scene00987.jpg 541 -0.065 0.0005 -1e-06  590 -0.058 0.0006 -1e-06  645 -0.016 0.0006 -1e-06
scene01004.jpg 573 -0.065 -0.0001 0  617 0.002 -0.0001 0  675 -0.047 0.0001 0
scene01021.jpg 576 -0.065 -0.0001 0  617 0.002 -0.0001 0  682 -0.047 0.0001 0
scene01038.jpg 576 -0.065 -0.0001 0  617 0.002 -0.0001 0  682 -0.047 0.0001 0
scene01055.jpg 580 -0.065 -0.0001 0  635 -0.052 -0.0001 0  691 -0.042 0 0
scene01072.jpg 580 -0.065 -0.0001 0  635 -0.052 -0.0001 0  691 -0.042 0 0
scene01089.jpg 580 -0.065 -0.0001 0  635 -0.052 -0.0001 0  691 -0.042 0 0
scene000012.jpg 567 0 0.0005 -3e-06  627 -0.013 0.0004 -2e-06  685 -0.004 0.0005 -2e-06
scene000182.jpg 567 0 0.0005 -3e-06  627 -0.013 0.0004 -2e-06  685 -0.004 0.0005 -2e-06
scene000352.jpg 567 0 0.0005 -3e-06  627 -0.006 0.0004 -2e-06  685 0.009 0.0005 -2e-06
scene000522.jpg 567 -0.011 0.0006 -3e-06  627 0.007 0.0004 -2e-06  685 -0.007 0.0006 -2e-06
scene000692.jpg 567 -0.036 0.0007 -3e-06  627 -0.026 0.0005 -2e-06  685 -0.007 0.0006 -2e-06
scene000862.jpg 572 -0.048 0.0008 -3e-06  628 -0.043 0.0006 -2e-06  682 -0.025 0.0007 -2e-06
scene001032.jpg 568 -0.046 0.0006 -2e-06  628 -0.075 0.0008 -2e-06  688 -0.03 0.0004 -1e-06
scene001202.jpg 568 -0.046 0.0006 -2e-06  628 -0.075 0.0005 -1e-06  682 0.021 0 0
scene001372.jpg 562 -0.038 0.0004 -1e-06  620 0 0 0  682 0.021 0 0
scene001542.jpg 562 -0.038 0.0004 -1e-06  620 0 0 0  677 0.027 0 0
scene001712.jpg 559 -0.029 0.0004 -1e-06  618 0 0 0  674 0.027 0 0
scene001882.jpg 559 -0.029 0.0004 -1e-06  618 0 0 0  671 0.027 0 0
scene002052.jpg 552 -0.025 0.0004 -1e-06  616 0.001 0 0  671 0.027 0 0
scene002222.jpg 552 0.027 -0.0001 0  614 0.001 0 0  666 0.027 0 0
scene002392.jpg 533 0.03 0.0004 -1e-06  611 0.001 0 0  666 0.027 0 0
scene002562.jpg 525 0.03 0.0004 -1e-06  610 0.001 0 0  663 0.027 0 0
scene002732.jpg 387 0.03 0.01 -3e-05  476 0.001 0.01 -3e-05  602 0.1 0.0071 -3.2e-05
scene002902.jpg 387 0.03 0.01 -3.1e-05  494 0.001 0.01 -3.6e-05  602 0.1 0.0071 -3.2e-05
scene003072.jpg 387 0.03 0.01 -3.1e-05  494 0.001 0.01 -3.6e-05  602 0.1 0.0071 -3.2e-05
scene003242.jpg 371 0.03 0.01 -3.1e-05  483 0.001 0.01 -3.6e-05  602 0.1 0.0071 -3.2e-05
scene003412.jpg 311 0.03 0.01 -2.7e-05  417 0.001 0.0089 -2.4e-05  506 0.1 0.01 -3.2e-05
scene003582.jpg 257 0.03 0.009 -2e-05  367 0.001 0.0096 -2.4e-05  459 0.1 0.0096 -2.7e-05
scene003752.jpg 236 0.03 0.009 -2e-05  354 0.001 0.0096 -2.4e-05  449 0.1 0.0096 -2.6e-05
scene003922.jpg 210 0.03 0.0085 -1.7e-05  324 0.001 0.009 -2e-05  427 0.1 0.009 -2.3e-05
scene004092.jpg 226 0.07 0.0058 -1e-05  350 0.001 0.0061 -1.1e-05  427 0.1 0.009 -2.3e-05
scene004262.jpg 212 0.07 0.0058 -1e-05  324 0.001 0.0061 -1.1e-05  427 0.1 0.0057 -1.1e-05
scene004432.jpg 204 0.07 0.0051 -8e-06  318 0.001 0.0054 -9e-06  409 0.1 0.0057 -1.1e-05
scene004602.jpg 237 0.07 0.0036 -5e-06  301 0.001 0.0054 -9e-06  381 0.1 0.0052 -9e-06
scene004772.jpg 237 0.07 0.0035 -5e-06  301 0.001 0.0053 -9e-06  389 0.1 0.0051 -9e-06
scene004942.jpg 252 0.07 0.003 -4e-06  333 0.001 0.004 -6e-06  415 0.1 0.0038 -6e-06
scene005112.jpg 309 0.07 0.0018 -2e-06  366 -0.01 0.003 -4e-06  428 0.1 0.0033 -5e-06
scene005282.jpg 342 0.097 0.0015 -2e-06  404 0.001 0.0023 -3e-06  470 0.015 0.0028 -4e-06
scene005452.jpg 392 -0.01 0.0015 -2e-06  452 0.001 0.0016 -2e-06  501 0.015 0.0022 -3e-06
scene005622.jpg 446 -0.01 0.0008 -1e-06  494 -0.023 0.001 -1e-06  546 -0.02 0.0016 -2e-06
scene005792.jpg 471 -0.01 0.0007 -1e-06  525 -0.004 0.0008 -1e-06  581 0.017 0.0009 -1e-06
scene005962.jpg 512 -0.018 0.0005 -1e-06  554 0.015 0.0006 -1e-06  609 0.031 0.0007 -1e-06
scene006132.jpg 523 -0.034 0.0001 0  570 0.015 0.0001 0  623 0.077 0.0001 0
scene006302.jpg 528 -0.013 0 0  576 0 0.0001 0  631 0.093 0 0
scene006472.jpg 553 -0.013 -0.0001 0  599 0 0 0  661 -0.014 0.0001 0
scene006642.jpg 582 -0.031 -0.0006 1e-06  630 0.013 -0.0006 1e-06  689 -0.021 0 0
scene006812.jpg 595 -0.031 -0.0006 1e-06  641 0.013 -0.0006 1e-06  711 -0.021 -0.0005 1e-06
scene006982.jpg 595 -0.031 -0.0006 1e-06  641 0.013 -0.0006 1e-06  711 -0.021 -0.0005 1e-06
scene007152.jpg 591 -0.031 -0.0006 1e-06  637 0.013 -0.0006 1e-06  703 -0.033 -0.0004 1e-06
scene007322.jpg 591 -0.031 -0.0006 1e-06  637 0.013 -0.0006 1e-06  703 -0.033 -0.0004 1e-06
scene007492.jpg 591 -0.031 -0.0006 1e-06  637 0.013 -0.0006 1e-06  709 -0.024 -0.0005 1e-06
scene007662.jpg 591 -0.031 -0.0006 1e-06  637 0.013 -0.0006 1e-06  709 -0.024 -0.0005 1e-06
scene007832.jpg 591 -0.031 -0.0006 1e-06  637 0.013 -0.0006 1e-06  709 -0.024 -0.0005 1e-06
scene008002.jpg 626 -0.031 -0.0012 2e-06  675 0.01 -0.0012 2e-06  737 -0.034 -0.001 2e-06
scene008172.jpg 689 -0.031 -0.0019 3e-06  742 0.01 -0.0019 3e-06  814 -0.013 -0.0014 2e-06
scene008342.jpg 746 -0.031 -0.0021 3e-06  828 0.01 -0.0023 3e-06  987 -0.013 -0.0034 5e-06
scene014973.jpg 571 0 -0.0001 0  629 0 -0.0001 0  674 0.055 0 0
scene015143.jpg 571 0 -0.0001 0  629 0 -0.0001 0  674 0.055 0 0
scene015313.jpg 561 0 0 0  618 0 0 0  672 0.055 0 0
scene015483.jpg 561 0 0 0  618 0 0 0  672 0.055 0 0
scene015653.jpg 557 0 0 0  623 -0.018 0 0  672 0.055 0 0
scene015823.jpg 560 0 0 0  623 -0.012 0 0  672 0.055 0 0
scene015993.jpg 560 0 0 0  623 -0.012 0 0  672 0.055 0 0
scene016163.jpg 456 0 0.0051 -1.4e-05  535 0 0.0051 -1.6e-05  595 0 0.005 -1.5e-05
scene016333.jpg 452 -0.016 0.0051 -1.4e-05  525 0 0.0051 -1.6e-05  585 0 0.005 -1.5e-05
scene016503.jpg 446 -0.016 0.0039 -9e-06  517 0 0.0037 -9e-06  579 0 0.0038 -9e-06
scene016673.jpg 437 -0.016 0.0034 -7e-06  514 0 0.0031 -7e-06  572 0 0.0038 -9e-06
scene016843.jpg 426 -0.016 0.0028 -5e-06  504 0 0.0026 -5e-06  571 0 0.0029 -6e-06
scene017013.jpg 418 -0.088 0.003 -5e-06  502 0 0.0019 -3e-06  556 0 0.0024 -4e-06
scene017183.jpg 417 -0.088 0.0026 -4e-06  495 0 0.0019 -3e-06  545 0 0.0024 -4e-06
scene017353.jpg 408 -0.076 0.0026 -4e-06  478 0 0.002 -3e-06  544 0 0.002 -3e-06
scene017523.jpg 406 -0.05 0.0021 -3e-06  488 0 0.0015 -2e-06  542 0.041 0.0015 -2e-06
scene017693.jpg 404 -0.05 0.0021 -3e-06  485 0 0.0015 -2e-06  537 0.041 0.0015 -2e-06
scene017863.jpg 450 -0.053 0.001 -1e-06  498 0 0.0014 -2e-06  561 0.041 0.0009 -1e-06
scene018033.jpg 436 0.061 0.0008 -1e-06  500 0 0.0014 -2e-06  564 0.041 0.0009 -1e-06
scene018203.jpg 450 0.065 0.0007 -1e-06  528 0.008 0.0008 -1e-06  578 0.041 0.0008 -1e-06
scene018373.jpg 473 0.065 0.0006 -1e-06  548 0.008 0.0007 -1e-06  612 0.041 0.0002 0
scene018543.jpg 513 0.015 0.0001 0  556 0.008 0.0007 -1e-06  631 0.041 0.0001 0
scene018713.jpg 522 0.042 0 0  573 0.008 0.0006 -1e-06  650 0.008 0.0001 0
scene018883.jpg 524 0.042 0 0  576 0.008 0.0006 -1e-06  653 -0.004 0.0001 0
scene019053.jpg 523 0 0.0005 -1e-06  584 0.032 0.0005 -1e-06  668 0.015 0 0
scene019223.jpg 524 0 0.0005 -1e-06  590 0.022 0.0005 -1e-06  676 0.005 0 0
scene019393.jpg 524 0 0.0005 -1e-06  590 0.022 0.0005 -1e-06  676 0.005 0 0
scene019563.jpg 524 0 0.0005 -1e-06  590 0.022 0.0005 -1e-06  676 0.005 0 0
scene019733.jpg 524 0 0.0005 -1e-06  590 0.022 0.0005 -1e-06  676 0.005 0 0
scene019903.jpg 524 0 0.0005 -1e-06  590 0.022 0.0005 -1e-06  676 0.005 0 0
scene020073.jpg 524 0 0.0005 -1e-06  590 0.022 0.0005 -1e-06  676 0.005 0 0
scene020243.jpg 524 0 0.0005 -1e-06  590 0.022 0.0005 -1e-06  676 0.005 0 0
scene020413.jpg 524 0 0.0005 -1e-06  590 0.022 0.0005 -1e-06  676 0.005 0 0
scene020583.jpg 524 0 0.0005 -1e-06  590 0.022 0.0005 -1e-06  676 0.005 0 0
scene020753.jpg 524 0 0.0005 -1e-06  590 0.022 0.0005 -1e-06  676 0.005 0 0
scene020923.jpg 524 0 0.0005 -1e-06  590 0.022 0.0005 -1e-06  676 0.005 0 0
scene021093.jpg 524 0 0.0005 -1e-06  590 0.022 0.0005 -1e-06  676 0.005 0 0
scene021263.jpg 524 0 0.0005 -1e-06  590 0.022 0.0005 -1e-06  676 0.005 0 0
scene021433.jpg 524 0 0.0005 -1e-06  590 0.022 0.0005 -1e-06  676 0.005 0 0
scene021603.jpg 524 0 0.0005 -1e-06  590 0.022 0.0005 -1e-06  676 0.005 0 0
scene021773.jpg 524 0 0.0005 -1e-06  590 0.022 0.0005 -1e-06  676 0.005 0 0
scene021943.jpg 524 0 0.0005 -1e-06  590 0.022 0.0005 -1e-06  676 0.005 0 0
scene022113.jpg 524 0 0.0005 -1e-06  590 0.022 0.0005 -1e-06  676 0.005 0 0
scene022283.jpg 524 0 0.0005 -1e-06  590 0.022 0.0005 -1e-06  676 0.005 0 0
scene022453.jpg 524 0 0.0005 -1e-06  590 0.022 0.0005 -1e-06  676 0.005 0 0
scene022623.jpg 524 0 0.0005 -1e-06  590 0.022 0.0005 -1e-06  676 0.005 0 0
scene022793.jpg 524 0 0.0005 -1e-06  590 0.022 0.0005 -1e-06  676 0.005 0 0
scene022963.jpg 524 0 0.0005 -1e-06  590 0.022 0.0005 -1e-06  676 0.005 0 0
scene023133.jpg 527 0 0.0005 -1e-06  590 0.022 0.0005 -1e-06  676 0.005 0 0
scene023303.jpg 537 0.021 0.0004 -1e-06  596 0.022 0.0005 -1e-06  666 0.005 0.0005 -1e-06
scene023473.jpg 568 0.021 0.0003 -1e-06  624 0.021 0.0004 -1e-06  692 0.024 0.0004 -1e-06
scene023643.jpg 615 0.002 0.0002 -1e-06  680 0.021 0.0002 -1e-06  780 0.024 -0.0003 0
scene023813.jpg 675 0.007 -0.0005 0  739 0.005 -0.0004 0  839 0.024 -0.0004 0
